1 1 1 8 24
1 1 2 6 24
1 1 2 7 24
1 1 2 8 24
1 1 2 9 24
1 1 2 10 24
1 1 3 4 24
1 1 3 5 24
1 1 3 6 24
1 1 3 7 24
1 1 3 8 24
1 1 3 9 24
1 1 3 10 24
1 1 4 4 24
1 1 4 5 24
1 1 4 6 24
1 1 4 7 24
1 1 4 8 24
1 1 4 9 24
1 1 4 10 24
1 1 5 5 24
1 1 5 6 24
1 1 5 7 24
1 1 5 8 24
1 1 6 6 24
1 1 6 8 24
1 1 6 9 24
1 1 7 10 24
1 1 8 8 24
1 2 2 4 24
1 2 2 5 24
1 2 2 6 24
1 2 2 7 24
1 2 2 8 24
1 2 2 9 24
1 2 2 10 24
1 2 3 3 24
1 2 3 4 24
1 2 3 5 24
1 2 3 6 24
1 2 3 7 24
1 2 3 8 24
1 2 3 9 24
1 2 3 10 24
1 2 4 4 24
1 2 4 5 24
1 2 4 6 24
1 2 4 7 24
1 2 4 8 24
1 2 4 9 24
1 2 4 10 24
1 2 5 5 24
1 2 5 6 24
1 2 5 7 24
1 2 5 8 24
1 2 5 9 24
1 2 5 10 24
1 2 6 6 24
1 2 6 7 24
1 2 6 8 24
1 2 6 9 24
1 2 6 10 24
1 2 7 7 24
1 2 7 8 24
1 2 7 9 24
1 2 7 10 24
1 2 8 8 24
1 2 8 9 24
1 2 8 10 24
1 3 3 3 24
1 3 3 4 24
1 3 3 5 24
1 3 3 6 24
1 3 3 7 24
1 3 3 8 24
1 3 3 9 24
1 3 3 10 24
1 3 4 4 24
1 3 4 5 24
1 3 4 7 24
1 3 4 8 24
1 3 4 9 24
1 3 4 10 24
1 3 5 6 24
1 3 5 7 24
1 3 5 8 24
1 3 5 9 24
1 3 5 10 24
1 3 6 6 24
1 3 6 7 24
1 3 6 8 24
1 3 6 9 24
1 3 6 10 24
1 3 7 7 24
1 3 7 8 24
1 3 7 9 24
1 3 7 10 24
1 3 8 8 24
1 3 8 9 24
1 3 8 10 24
1 3 9 9 24
1 3 9 10 24
1 3 10 10 24
1 4 4 4 24
1 4 4 5 24
1 4 4 6 24
1 4 4 7 24
1 4 4 8 24
1 4 4 9 24
1 4 4 10 24
1 4 5 5 24
1 4 5 7 24
1 4 5 8 24
1 4 5 9 24
1 4 5 10 24
1 4 6 6 24
1 4 6 7 24
1 4 6 8 24
1 4 6 9 24
1 4 6 10 24
1 4 7 7 24
1 4 7 8 24
1 4 7 9 24
1 4 8 8 24
1 4 8 9 24
1 4 9 10 24
1 4 10 10 24
1 5 5 6 24
1 5 5 9 24
1 5 5 10 24
1 5 6 6 24
1 5 6 7 24
1 5 6 8 24
1 5 6 9 24
1 5 6 10 24
1 5 7 8 24
1 5 7 9 24
1 5 7 10 24
1 5 8 8 24
1 5 8 9 24
1 5 8 10 24
1 5 9 9 24
1 5 9 10 24
1 5 10 10 24
1 6 6 6 24
1 6 6 9 24
1 6 6 10 24
1 6 7 9 24
1 6 7 10 24
1 6 8 8 24
1 6 8 9 24
1 6 8 10 24
1 6 9 9 24
1 6 9 10 24
1 7 7 9 24
1 7 7 10 24
1 7 8 8 24
1 7 8 9 24
1 7 8 10 24
1 7 9 9 24
1 7 9 10 24
1 8 8 8 24
1 8 8 9 24
1 8 8 10 24
2 2 2 3 24
2 2 2 4 24
2 2 2 5 24
2 2 2 7 24
2 2 2 8 24
2 2 2 9 24
2 2 2 10 24
2 2 3 3 24
2 2 3 4 24
2 2 3 5 24
2 2 3 6 24
2 2 3 7 24
2 2 3 8 24
2 2 3 9 24
2 2 3 10 24
2 2 4 4 24
2 2 4 5 24
2 2 4 6 24
2 2 4 7 24
2 2 4 8 24
2 2 4 9 24
2 2 4 10 24
2 2 5 5 24
2 2 5 6 24
2 2 5 7 24
2 2 5 8 24
2 2 5 9 24
2 2 5 10 24
2 2 6 6 24
2 2 6 7 24
2 2 6 8 24
2 2 6 9 24
2 2 6 10 24
2 2 7 7 24
2 2 7 8 24
2 2 7 10 24
2 2 8 8 24
2 2 8 9 24
2 2 8 10 24
2 2 9 10 24
2 2 10 10 24
2 3 3 3 24
2 3 3 5 24
2 3 3 6 24
2 3 3 7 24
2 3 3 8 24
2 3 3 9 24
2 3 3 10 24
2 3 4 4 24
2 3 4 5 24
2 3 4 6 24
2 3 4 7 24
2 3 4 8 24
2 3 4 9 24
2 3 4 10 24
2 3 5 5 24
2 3 5 6 24
2 3 5 7 24
2 3 5 8 24
2 3 5 9 24
2 3 5 10 24
2 3 6 6 24
2 3 6 7 24
2 3 6 8 24
2 3 6 9 24
2 3 6 10 24
2 3 7 7 24
2 3 7 8 24
2 3 7 9 24
2 3 7 10 24
2 3 8 8 24
2 3 8 9 24
2 3 8 10 24
2 3 9 9 24
2 3 9 10 24
2 3 10 10 24
2 4 4 4 24
2 4 4 5 24
2 4 4 6 24
2 4 4 7 24
2 4 4 8 24
2 4 4 9 24
2 4 4 10 24
2 4 5 5 24
2 4 5 6 24
2 4 5 7 24
2 4 5 8 24
2 4 5 9 24
2 4 5 10 24
2 4 6 6 24
2 4 6 7 24
2 4 6 8 24
2 4 6 9 24
2 4 6 10 24
2 4 7 7 24
2 4 7 8 24
2 4 7 9 24
2 4 7 10 24
2 4 8 8 24
2 4 8 9 24
2 4 8 10 24
2 4 9 9 24
2 4 9 10 24
2 5 5 7 24
2 5 5 8 24
2 5 5 9 24
2 5 6 6 24
2 5 6 7 24
2 5 6 8 24
2 5 6 9 24
2 5 6 10 24
2 5 7 7 24
2 5 7 8 24
2 5 7 9 24
2 5 7 10 24
2 5 8 8 24
2 5 8 9 24
2 5 8 10 24
2 5 9 10 24
2 5 10 10 24
2 6 6 6 24
2 6 6 7 24
2 6 6 8 24
2 6 6 9 24
2 6 6 10 24
2 6 7 8 24
2 6 7 9 24
2 6 7 10 24
2 6 8 8 24
2 6 8 9 24
2 6 8 10 24
2 6 9 9 24
2 6 9 10 24
2 6 10 10 24
2 7 7 8 24
2 7 8 8 24
2 7 8 9 24
2 7 9 10 24
2 7 10 10 24
2 8 8 8 24
2 8 8 9 24
2 8 8 10 24
2 8 9 9 24
2 8 9 10 24
2 8 10 10 24
2 9 10 10 24
3 3 3 3 24
3 3 3 4 24
3 3 3 5 24
3 3 3 6 24
3 3 3 7 24
3 3 3 8 24
3 3 3 9 24
3 3 3 10 24
3 3 4 4 24
3 3 4 5 24
3 3 4 6 24
3 3 4 7 24
3 3 4 8 24
3 3 4 9 24
3 3 5 5 24
3 3 5 6 24
3 3 5 7 24
3 3 5 9 24
3 3 5 10 24
3 3 6 6 24
3 3 6 7 24
3 3 6 8 24
3 3 6 9 24
3 3 6 10 24
3 3 7 8 24
3 3 7 9 24
3 3 8 9 24
3 3 8 10 24
3 3 9 9 24
3 3 9 10 24
3 4 4 4 24
3 4 4 5 24
3 4 4 6 24
3 4 4 7 24
3 4 4 8 24
3 4 4 9 24
3 4 4 10 24
3 4 5 5 24
3 4 5 6 24
3 4 5 7 24
3 4 5 8 24
3 4 5 9 24
3 4 5 10 24
3 4 6 6 24
3 4 6 8 24
3 4 6 9 24
3 4 6 10 24
3 4 7 7 24
3 4 7 8 24
3 4 7 9 24
3 4 7 10 24
3 4 8 9 24
3 4 8 10 24
3 4 9 9 24
3 4 10 10 24
3 5 5 6 24
3 5 5 7 24
3 5 5 8 24
3 5 5 9 24
3 5 6 6 24
3 5 6 7 24
3 5 6 8 24
3 5 6 9 24
3 5 6 10 24
3 5 7 8 24
3 5 7 9 24
3 5 7 10 24
3 5 8 8 24
3 5 8 9 24
3 5 9 9 24
3 5 9 10 24
3 5 10 10 24
3 6 6 6 24
3 6 6 7 24
3 6 6 8 24
3 6 6 9 24
3 6 6 10 24
3 6 7 7 24
3 6 7 8 24
3 6 7 9 24
3 6 7 10 24
3 6 8 8 24
3 6 8 9 24
3 6 8 10 24
3 6 9 9 24
3 6 9 10 24
3 6 10 10 24
3 7 7 7 24
3 7 7 8 24
3 7 7 9 24
3 7 7 10 24
3 7 8 8 24
3 7 8 9 24
3 7 9 9 24
3 7 9 10 24
3 7 10 10 24
3 8 8 8 24
3 8 8 9 24
3 8 8 10 24
3 8 9 9 24
3 8 9 10 24
3 8 10 10 24
3 9 9 9 24
3 9 9 10 24
3 9 10 10 24
4 4 4 4 24
4 4 4 5 24
4 4 4 6 24
4 4 4 7 24
4 4 4 8 24
4 4 4 9 24
4 4 4 10 24
4 4 5 5 24
4 4 5 6 24
4 4 5 7 24
4 4 5 8 24
4 4 5 10 24
4 4 6 8 24
4 4 6 9 24
4 4 6 10 24
4 4 7 8 24
4 4 7 9 24
4 4 7 10 24
4 4 8 8 24
4 4 8 9 24
4 4 8 10 24
4 4 10 10 24
4 5 5 5 24
4 5 5 6 24
4 5 5 7 24
4 5 5 8 24
4 5 5 9 24
4 5 5 10 24
4 5 6 6 24
4 5 6 7 24
4 5 6 8 24
4 5 6 9 24
4 5 6 10 24
4 5 7 7 24
4 5 7 8 24
4 5 7 9 24
4 5 7 10 24
4 5 8 8 24
4 5 8 9 24
4 5 8 10 24
4 5 9 9 24
4 5 9 10 24
4 5 10 10 24
4 6 6 6 24
4 6 6 7 24
4 6 6 8 24
4 6 6 9 24
4 6 6 10 24
4 6 7 7 24
4 6 7 8 24
4 6 7 9 24
4 6 7 10 24
4 6 8 8 24
4 6 8 9 24
4 6 8 10 24
4 6 9 9 24
4 6 9 10 24
4 6 10 10 24
4 7 7 7 24
4 7 7 8 24
4 7 8 8 24
4 7 8 9 24
4 7 8 10 24
4 7 9 9 24
4 7 9 10 24
4 7 10 10 24
4 8 8 8 24
4 8 8 9 24
4 8 8 10 24
4 8 9 9 24
4 8 9 10 24
4 8 10 10 24
4 9 9 10 24
5 5 5 5 24
5 5 5 6 24
5 5 5 9 24
5 5 6 6 24
5 5 6 7 24
5 5 6 8 24
5 5 7 7 24
5 5 7 8 24
5 5 7 10 24
5 5 8 8 24
5 5 8 9 24
5 5 8 10 24
5 5 9 9 24
5 5 9 10 24
5 5 10 10 24
5 6 6 6 24
5 6 6 7 24
5 6 6 8 24
5 6 6 9 24
5 6 6 10 24
5 6 7 7 24
5 6 7 8 24
5 6 7 9 24
5 6 8 8 24
5 6 8 9 24
5 6 8 10 24
5 6 9 9 24
5 6 9 10 24
5 6 10 10 24
5 7 7 9 24
5 7 7 10 24
5 7 8 8 24
5 7 8 9 24
5 7 8 10 24
5 7 9 10 24
5 7 10 10 24
5 8 8 8 24
5 8 8 9 24
5 8 8 10 24
5 9 10 10 24
6 6 6 6 24
6 6 6 8 24
6 6 6 9 24
6 6 6 10 24
6 6 7 9 24
6 6 7 10 24
6 6 8 8 24
6 6 8 9 24
6 6 8 10 24
6 6 9 10 24
6 7 7 10 24
6 7 8 9 24
6 7 8 10 24
6 7 9 9 24
6 7 10 10 24
6 8 8 8 24
6 8 8 9 24
6 8 8 10 24
6 8 9 9 24
6 8 9 10 24
6 9 9 10 24
6 10 10 10 24
7 7 9 10 24
7 8 8 9 24
7 8 8 10 24
7 8 9 10 24
7 8 10 10 24
8 8 8 10 24